Running Gradient Descent ...
ans =  32.073
theta =

   0.058391
   0.653288

theta =

   0.062892
   0.770010

theta =

   0.057823
   0.791348

theta =

   0.051064
   0.795730

theta =

   0.044014
   0.797096

theta =

   0.036924
   0.797925

theta =

   0.029837
   0.798658

theta =

   0.022761
   0.799373

theta =

   0.015698
   0.800083

theta =

   0.0086469
   0.8007915

theta =

   0.0016088
   0.8014986

theta =

  -0.0054166
   0.8022044

theta =

  -0.012429
   0.802909

theta =

  -0.019429
   0.803612

theta =

  -0.026417
   0.804314

theta =

  -0.033392
   0.805015

theta =

  -0.040354
   0.805714

theta =

  -0.047304
   0.806412

theta =

  -0.054241
   0.807109

theta =

  -0.061166
   0.807805

theta =

  -0.068078
   0.808499

theta =

  -0.074978
   0.809193

theta =

  -0.081865
   0.809884

theta =

  -0.088740
   0.810575

theta =

  -0.095603
   0.811265

theta =

  -0.10245
   0.81195

theta =

  -0.10929
   0.81264

theta =

  -0.11612
   0.81333

theta =

  -0.12293
   0.81401

theta =

  -0.12973
   0.81469

theta =

  -0.13652
   0.81538

theta =

  -0.14330
   0.81606

theta =

  -0.15006
   0.81674

theta =

  -0.15681
   0.81741

theta =

  -0.16355
   0.81809

theta =

  -0.17028
   0.81877

theta =

  -0.17700
   0.81944

theta =

  -0.18370
   0.82011

theta =

  -0.19039
   0.82079

theta =

  -0.19707
   0.82146

theta =

  -0.20374
   0.82213

theta =

  -0.21039
   0.82280

theta =

  -0.21704
   0.82346

theta =

  -0.22367
   0.82413

theta =

  -0.23029
   0.82479

theta =

  -0.23689
   0.82546

theta =

  -0.24349
   0.82612

theta =

  -0.25007
   0.82678

theta =

  -0.25664
   0.82744

theta =

  -0.26320
   0.82810

theta =

  -0.26975
   0.82876

theta =

  -0.27629
   0.82942

theta =

  -0.28281
   0.83007

theta =

  -0.28933
   0.83073

theta =

  -0.29583
   0.83138

theta =

  -0.30232
   0.83203

theta =

  -0.30879
   0.83268

theta =

  -0.31526
   0.83333

theta =

  -0.32171
   0.83398

theta =

  -0.32816
   0.83463

theta =

  -0.33459
   0.83527

theta =

  -0.34101
   0.83592

theta =

  -0.34741
   0.83656

theta =

  -0.35381
   0.83720

theta =

  -0.36020
   0.83785

theta =

  -0.36657
   0.83849

theta =

  -0.37293
   0.83913

theta =

  -0.37928
   0.83976

theta =

  -0.38562
   0.84040

theta =

  -0.39195
   0.84104

theta =

  -0.39826
   0.84167

theta =

  -0.40457
   0.84230

theta =

  -0.41086
   0.84294

theta =

  -0.41714
   0.84357

theta =

  -0.42341
   0.84420

theta =

  -0.42967
   0.84483

theta =

  -0.43592
   0.84545

theta =

  -0.44216
   0.84608

theta =

  -0.44838
   0.84671

theta =

  -0.45460
   0.84733

theta =

  -0.46080
   0.84795

theta =

  -0.46699
   0.84857

theta =

  -0.47317
   0.84920

theta =

  -0.47934
   0.84982

theta =

  -0.48550
   0.85043

theta =

  -0.49165
   0.85105

theta =

  -0.49778
   0.85167

theta =

  -0.50391
   0.85228

theta =

  -0.51002
   0.85290

theta =

  -0.51613
   0.85351

theta =

  -0.52222
   0.85412

theta =

  -0.52830
   0.85473

theta =

  -0.53437
   0.85534

theta =

  -0.54043
   0.85595

theta =

  -0.54648
   0.85656

theta =

  -0.55252
   0.85717

theta =

  -0.55854
   0.85777

theta =

  -0.56456
   0.85838

theta =

  -0.57056
   0.85898

theta =

  -0.57656
   0.85958

theta =

  -0.58254
   0.86018

theta =

  -0.58851
   0.86078

theta =

  -0.59447
   0.86138

theta =

  -0.60042
   0.86198

theta =

  -0.60636
   0.86258

theta =

  -0.61229
   0.86317

theta =

  -0.61821
   0.86377

theta =

  -0.62412
   0.86436

theta =

  -0.63002
   0.86495

theta =

  -0.63591
   0.86554

theta =

  -0.64178
   0.86613

theta =

  -0.64765
   0.86672

theta =

  -0.65350
   0.86731

theta =

  -0.65935
   0.86790

theta =

  -0.66518
   0.86848

theta =

  -0.67100
   0.86907

theta =

  -0.67682
   0.86965

theta =

  -0.68262
   0.87024

theta =

  -0.68841
   0.87082

theta =

  -0.69419
   0.87140

theta =

  -0.69996
   0.87198

theta =

  -0.70573
   0.87256

theta =

  -0.71148
   0.87314

theta =

  -0.71722
   0.87371

theta =

  -0.72295
   0.87429

theta =

  -0.72866
   0.87486

theta =

  -0.73437
   0.87544

theta =

  -0.74007
   0.87601

theta =

  -0.74576
   0.87658

theta =

  -0.75144
   0.87715

theta =

  -0.75711
   0.87772

theta =

  -0.76276
   0.87829

theta =

  -0.76841
   0.87886

theta =

  -0.77405
   0.87942

theta =

  -0.77968
   0.87999

theta =

  -0.78529
   0.88055

theta =

  -0.79090
   0.88111

theta =

  -0.79650
   0.88168

theta =

  -0.80208
   0.88224

theta =

  -0.80766
   0.88280

theta =

  -0.81323
   0.88336

theta =

  -0.81878
   0.88392

theta =

  -0.82433
   0.88447

theta =

  -0.82987
   0.88503

theta =

  -0.83539
   0.88558

theta =

  -0.84091
   0.88614

theta =

  -0.84642
   0.88669

theta =

  -0.85191
   0.88724

theta =

  -0.85740
   0.88780

theta =

  -0.86288
   0.88835

theta =

  -0.86835
   0.88889

theta =

  -0.87380
   0.88944

theta =

  -0.87925
   0.88999

theta =

  -0.88469
   0.89054

theta =

  -0.89012
   0.89108

theta =

  -0.89553
   0.89163

theta =

  -0.90094
   0.89217

theta =

  -0.90634
   0.89271

theta =

  -0.91173
   0.89325

theta =

  -0.91711
   0.89379

theta =

  -0.92248
   0.89433

theta =

  -0.92784
   0.89487

theta =

  -0.93319
   0.89541

theta =

  -0.93853
   0.89595

theta =

  -0.94386
   0.89648

theta =

  -0.94918
   0.89702

theta =

  -0.95449
   0.89755

theta =

  -0.95979
   0.89808

theta =

  -0.96509
   0.89861

theta =

  -0.97037
   0.89914

theta =

  -0.97564
   0.89967

theta =

  -0.98091
   0.90020

theta =

  -0.98616
   0.90073

theta =

  -0.99140
   0.90126

theta =

  -0.99664
   0.90178

theta =

  -1.00187
   0.90231

theta =

  -1.00708
   0.90283

theta =

  -1.01229
   0.90336

theta =

  -1.01749
   0.90388

theta =

  -1.02268
   0.90440

theta =

  -1.02785
   0.90492

theta =

  -1.03302
   0.90544

theta =

  -1.03818
   0.90596

theta =

  -1.04334
   0.90647

theta =

  -1.04848
   0.90699

theta =

  -1.05361
   0.90751

theta =

  -1.05873
   0.90802

theta =

  -1.06385
   0.90854

theta =

  -1.06895
   0.90905

theta =

  -1.07405
   0.90956

theta =

  -1.07913
   0.91007

theta =

  -1.08421
   0.91058

theta =

  -1.08928
   0.91109

theta =

  -1.09434
   0.91160

theta =

  -1.09939
   0.91211

theta =

  -1.10443
   0.91261

theta =

  -1.10946
   0.91312

theta =

  -1.11448
   0.91362

theta =

  -1.11950
   0.91413

theta =

  -1.12450
   0.91463

theta =

  -1.12950
   0.91513

theta =

  -1.13448
   0.91563

theta =

  -1.13946
   0.91613

theta =

  -1.14443
   0.91663

theta =

  -1.14939
   0.91713

theta =

  -1.15434
   0.91763

theta =

  -1.15928
   0.91812

theta =

  -1.16421
   0.91862

theta =

  -1.16914
   0.91911

theta =

  -1.17405
   0.91961

theta =

  -1.17896
   0.92010

theta =

  -1.18386
   0.92059

theta =

  -1.18875
   0.92108

theta =

  -1.19363
   0.92157

theta =

  -1.19850
   0.92206

theta =

  -1.20336
   0.92255

theta =

  -1.20821
   0.92304

theta =

  -1.21306
   0.92352

theta =

  -1.21789
   0.92401

theta =

  -1.22272
   0.92450

theta =

  -1.22754
   0.92498

theta =

  -1.23235
   0.92546

theta =

  -1.23715
   0.92595

theta =

  -1.24194
   0.92643

theta =

  -1.24672
   0.92691

theta =

  -1.25150
   0.92739

theta =

  -1.25627
   0.92787

theta =

  -1.26102
   0.92834

theta =

  -1.26577
   0.92882

theta =

  -1.27051
   0.92930

theta =

  -1.27525
   0.92977

theta =

  -1.27997
   0.93025

theta =

  -1.28469
   0.93072

theta =

  -1.28939
   0.93119

theta =

  -1.29409
   0.93167

theta =

  -1.29878
   0.93214

theta =

  -1.30346
   0.93261

theta =

  -1.30814
   0.93308

theta =

  -1.31280
   0.93355

theta =

  -1.31746
   0.93401

theta =

  -1.32210
   0.93448

theta =

  -1.32674
   0.93495

theta =

  -1.33137
   0.93541

theta =

  -1.33600
   0.93588

theta =

  -1.34061
   0.93634

theta =

  -1.34522
   0.93680

